Calibration results for TOF0:
Horizontal slabs (slab, c_eff, delta, fraction within slab):
0	134.508	nan	nan
1	134.508	nan	nan
2	134.508	0.845373	0.808717
3	134.508	0.853382	0.807818
4	134.508	0.922565	0.790139
5	134.508	0.943267	0.768558
6	134.508	0.989569	0.793347
7	134.508	0.913366	0.806056
8	134.508	nan	nan
9	134.508	nan	nan
Vertical slabs (slab, c_eff, delta, fraction within slab):
0	134.508	-0.307487	0.816471
1	134.508	-0.282846	0.829465
2	134.508	-0.296604	0.82395
3	134.508	-0.274645	0.800676
4	134.508	-0.285004	0.798503
5	134.508	-0.262966	0.807873
6	134.508	-0.268462	0.795741
7	134.508	-0.399426	0.817823
8	134.508	-0.228743	0.802158
9	134.508	nan	nan
Calibration results for TOF1:
Horizontal slabs (slab, c_eff, delta, fraction within slab):
0	134.508	-0.0054836	0.847673
1	134.508	0.000633328	0.868386
2	134.508	-0.000375243	0.860842
3	134.508	0.00020889	0.846
4	134.508	-0.0186782	0.88102
5	134.508	-0.00622226	0.862345
6	134.508	-0.0130783	0.814433
Vertical slabs (slab, c_eff, delta, fraction within slab):
0	134.508	0	0.832013
1	134.508	-0.0195431	0.835202
2	134.508	-0.0214886	0.861987
3	134.508	0.0755075	0.843528
4	134.508	-0.000368362	0.85963
5	134.508	0.0013388	0.839698
6	134.508	0	0.832645
